city,latitude,longitude,max temperature (F),humidity (%),cloudiness (%),wind speed (mph)
pevek,69.7,170.27,-13.89,86,0,4.38
pascagoula,30.37,-88.56,53.96,82,1,3.36
albany,42.65,-73.75,12.2,61,20,14.99
aklavik,68.22,-135.01,-22.01,74,90,4.7
kodiak,39.95,-94.76,33.8,100,90,5.82
kapaa,22.08,-159.32,78.08,64,40,9.17
ushuaia,-54.81,-68.31,46.4,49,75,13.87
ancud,-41.87,-73.83,53.6,100,90,5.82
arraial do cabo,-22.97,-42.02,77.42,86,8,16.46
saint-philippe,45.36,-73.48,5.0,54,1,13.87
meulaboh,4.14,96.13,80.8,100,24,2.71
faanui,-16.48,-151.75,83.41,100,92,17.58
ostrovnoy,68.05,39.51,21.53,89,88,10.65
vaini,15.34,74.49,55.4,82,0,2.93
norman wells,65.28,-126.83,-40.01,72,20,3.27
jamestown,-33.21,138.6,88.0,44,0,11.77
coquimbo,-29.95,-71.34,59.0,82,0,5.82
butaritari,3.07,172.79,83.63,100,76,12.77
punta arenas,-53.16,-70.91,42.8,100,75,23.04
port alfred,-33.59,26.89,66.89,83,0,22.5
port hedland,-20.31,118.58,93.2,63,0,16.11
rikitea,-23.12,-134.97,79.36,100,80,17.25
tuktoyaktuk,69.44,-133.03,-14.81,75,90,11.41
havelock,34.88,-76.9,37.04,81,1,4.7
bredasdorp,-34.53,20.04,53.6,76,32,5.82
santa fe,-31.62,-60.7,71.48,67,0,11.43
curup,-3.47,102.53,75.76,89,80,2.37
namibe,-15.19,12.15,73.19,100,8,3.15
mount gambier,-37.83,140.78,75.2,41,0,19.46
sao filipe,14.9,-24.5,71.66,99,0,10.87
port elizabeth,39.31,-74.98,30.92,80,1,3.36
new norfolk,-42.78,147.06,73.4,49,0,19.46
bathsheba,13.22,-59.52,77.0,73,20,16.11
torbay,47.66,-52.73,32.0,97,90,13.87
dingle,11.0,122.67,82.64,70,20,10.65
hermanus,-34.42,19.24,48.49,100,12,3.15
takoradi,4.89,-1.75,80.44,100,12,4.38
ranfurly,53.41,-111.68,13.39,82,0,13.67
saskylakh,71.97,114.09,-43.18,0,36,3.6
prince rupert,54.32,-130.32,42.8,93,90,4.7
sitka,37.17,-99.65,35.39,100,92,18.03
pisco,-13.71,-76.2,71.6,88,20,17.22
raudeberg,61.99,5.14,37.4,100,76,12.75
bereda,43.27,-7.54,32.0,93,0,2.24
broome,52.47,1.45,44.96,87,0,11.41
thompson,55.74,-97.86,-2.21,70,75,3.36
ilulissat,69.22,-51.1,-7.61,43,0,2.24
beihai,38.95,121.19,41.0,65,0,6.71
mataura,-46.19,168.86,69.91,53,0,4.05
pointe michel,15.25,-61.38,74.59,100,92,10.42
yellowknife,62.45,-114.38,6.8,77,90,10.29
kaitangata,-46.28,169.85,62.8,72,0,9.53
lagoa,37.14,-8.45,48.2,39,0,9.17
itoman,26.12,127.67,75.2,69,75,18.34
tiksi,71.64,128.87,-29.14,47,32,6.4
nikolskoye,59.7,30.79,32.0,79,40,13.42
chokurdakh,70.62,147.9,-39.99,0,0,2.93
bolivar,37.61,-93.41,33.98,99,90,4.7
qax,41.42,46.93,30.2,80,20,6.93
alenquer,-1.95,-54.74,75.2,94,20,3.36
naze,5.43,7.07,73.6,91,8,7.4
namatanai,-3.66,152.44,85.61,93,36,15.01
belyy yar,53.6,91.39,1.4,77,76,4.47
mega,4.06,38.32,57.67,41,0,9.75
cape town,-33.93,18.42,53.6,100,0,5.82
kangalassy,62.35,129.97,-36.41,65,44,2.82
georgetown,6.8,-58.16,75.2,88,75,4.7
avarua,-21.21,-159.78,84.2,74,75,9.17
cockburn town,21.46,-71.14,76.75,100,12,13.78
naantali,60.45,22.03,33.8,74,0,9.17
puerto escondido,15.86,-97.07,80.89,100,0,4.94
cherskiy,68.75,161.3,-15.46,46,24,2.71
lac du bonnet,50.25,-96.06,5.42,75,0,8.41
soyaux,45.64,0.19,41.0,93,90,3.49
east london,-33.02,27.91,64.4,72,75,20.8
baykit,61.68,96.39,-17.49,73,32,2.93
chhatarpur,24.92,79.59,46.4,87,0,3.36
saint-joseph,43.56,6.97,39.2,74,0,4.7
bethel,60.79,-161.76,-22.01,76,1,20.8
maiduguri,11.84,13.15,57.89,49,0,5.5
kyren,51.68,102.13,-14.74,56,0,1.92
egvekinot,66.32,-179.17,-44.17,0,0,2.59
khorramshahr,30.43,48.18,37.4,95,32,4.7
souillac,45.6,-0.6,41.0,100,90,1.81
tarakan,3.3,117.63,85.34,85,32,3.27
barrow,-38.31,-60.23,61.67,56,0,12.1
asbe teferi,9.08,40.87,35.93,78,0,1.7
codrington,-28.95,153.24,89.6,38,0,12.75
atuona,-9.8,-139.03,81.47,100,0,16.24
hofn,64.25,-15.21,40.21,96,0,15.79
coihaique,-45.58,-72.07,55.4,66,0,4.7
qaanaaq,77.48,-69.36,-18.16,100,24,10.54
muroto,33.37,134.14,48.2,81,75,8.05
comodoro rivadavia,-45.87,-67.48,64.4,48,0,9.17
marsa matruh,31.35,27.25,45.47,47,0,13.44
zeya,53.74,127.27,-11.5,72,44,3.27
craig,40.52,-107.55,30.92,84,90,4.7
vuktyl,63.86,57.31,11.95,73,88,10.31
nome,30.04,-94.42,57.56,84,90,11.41
hobart,-42.88,147.33,73.4,44,0,19.46
vanimo,-2.67,141.3,83.05,100,12,14.23
tasiilaq,65.61,-37.64,19.4,73,80,10.29
kita,35.76,139.74,41.0,52,75,4.7
yarim,14.3,44.38,30.4,68,0,3.38
ciudad guayana,8.32,-62.69,79.27,75,44,8.63
busselton,-33.64,115.35,74.32,81,0,11.77
okakarara,-20.59,17.46,52.49,58,0,5.5
kahului,20.89,-156.47,82.04,56,40,5.82
north bend,43.41,-124.22,48.92,89,1,6.93
saint george,39.45,22.34,37.4,93,90,4.7
grindavik,63.84,-22.43,35.6,100,90,23.04
yakeshi,49.28,120.73,8.66,73,20,3.27
bahia blanca,-38.72,-62.27,72.16,65,0,20.15
saurimo,-9.66,20.4,66.89,96,56,4.27
camacha,33.08,-16.33,62.6,55,75,11.41
point pleasant,40.08,-74.07,26.06,43,1,6.93
puerto ayora,-0.74,-90.35,76.39,100,48,9.19
samarai,-10.62,150.67,81.97,100,24,4.16
kisangani,0.52,25.21,68.65,100,44,2.59
viedma,-40.81,-62.99,75.94,29,48,18.7
khunti,23.08,85.28,51.8,81,0,4.16
concepcion del oro,24.63,-101.42,48.49,96,48,2.93
boras,57.72,12.94,28.4,100,90,3.36
vila velha,-3.71,-38.6,80.6,83,40,5.82
mossendjo,-2.95,12.72,68.56,98,92,2.59
port hardy,50.7,-127.42,48.2,81,90,10.29
airai,-8.93,125.41,84.17,66,12,2.26
vaitape,-16.52,-151.75,81.74,100,68,15.9
san quintin,17.54,120.52,79.76,62,12,3.04
san juan,14.6,121.03,87.8,55,20,6.93
ambilobe,-13.19,49.05,71.39,92,92,3.27
aksehir,38.36,31.42,31.66,100,56,5.28
hithadhoo,-0.6,73.08,79.04,100,88,0.36
ruidoso,33.33,-105.67,46.4,75,1,12.75
ninotsminda,41.27,43.59,8.6,84,12,2.24
bluff,-23.58,149.07,87.77,53,0,8.63
xai-xai,-25.04,33.64,82.42,82,32,14.79
ribeira grande,38.52,-28.7,59.0,72,40,12.75
karasjok,69.47,25.52,33.8,91,90,38.03
araouane,18.9,-3.53,55.28,31,64,8.75
valera,9.31,-70.61,71.21,100,36,3.04
yarmouth,50.71,-1.5,46.4,87,36,6.93
huaiyin,33.59,119.02,42.37,97,0,3.6
leningradskiy,69.38,178.42,-14.2,88,8,14.45
yeppoon,-23.13,150.74,86.0,48,40,10.29
coari,-4.09,-63.14,78.46,80,56,7.63
moron,10.49,-68.2,64.06,94,12,2.37
pak phanang,8.35,100.2,84.2,79,40,5.82
mar del plata,-46.43,-67.52,65.81,42,36,20.49
chapais,49.78,-74.86,-11.21,76,90,9.17
kampene,-3.59,26.67,67.57,99,92,2.48
sikonge,-5.63,32.75,62.35,99,92,5.39
bambous virieux,-20.34,57.76,80.6,88,40,6.93
kavieng,-2.57,150.8,81.97,100,64,7.85
cidreira,-30.17,-50.22,71.66,99,92,9.31
grand gaube,-20.01,57.66,80.6,88,40,6.93
george town,5.42,100.33,84.2,66,75,5.82
nuuk,64.17,-51.74,19.4,73,12,16.11
carnarvon,-30.97,22.13,50.11,82,8,5.5
kamaishi,39.28,141.86,41.0,44,40,11.41
great yarmouth,52.61,1.73,44.6,87,20,10.29
sisimiut,66.94,-53.67,-21.04,100,0,3.15
santa cruz,36.97,-122.03,59.0,82,90,6.93
khatanga,71.98,102.47,-32.79,58,48,9.64
mahebourg,-20.41,57.7,80.6,88,40,6.93
chuy,-33.69,-53.46,65.18,90,92,7.18
isla mujeres,21.23,-86.73,69.01,100,0,7.4
hilo,19.71,-155.08,73.04,81,90,8.05
constitucion,23.99,-104.67,51.64,53,0,7.18
awjilah,29.14,21.3,48.44,37,0,12.21
pacific grove,36.62,-121.92,57.2,89,90,9.17
portland,45.52,-122.67,46.94,58,75,12.75
teya,21.05,-89.07,68.29,65,0,6.29
upernavik,72.79,-56.15,-6.28,100,32,5.73
dunedin,-45.87,170.5,60.46,76,0,7.63
pringsewu,-5.36,104.98,77.56,94,80,2.37
cabo san lucas,22.89,-109.91,72.52,100,0,2.37
san cristobal,-0.39,-78.55,53.6,100,40,1.12
kochubey,44.39,46.54,34.94,96,80,2.48
sciacca,37.51,13.08,42.8,100,40,3.36
talnakh,69.49,88.39,-38.19,77,32,4.27
verkhnevilyuysk,63.45,120.31,-24.37,37,12,3.94
kargasok,59.06,80.87,-16.99,75,24,4.38
tuatapere,-46.13,167.69,62.93,73,0,5.06
viesca,25.34,-102.81,55.06,80,92,2.26
port lincoln,-34.72,135.86,70.45,77,0,17.47
longyearbyen,78.22,15.63,8.6,55,20,18.34
bonthe,7.53,-12.5,79.27,85,0,4.94
comonfort,20.72,-100.76,55.69,71,20,8.41
gat,14.69,-16.54,68.0,42,0,3.15
zhigansk,66.77,123.37,-22.17,66,48,9.19
colares,38.8,-9.45,42.8,100,0,8.05
tecolutla,17.31,-98.74,57.44,97,80,0.92
mecca,21.43,39.83,56.27,83,0,2.59
jadu,31.95,12.03,37.69,87,24,16.02
luncavita,45.28,28.27,26.6,92,8,2.24
san patricio,-26.98,-56.83,78.1,82,80,3.94
deer lake,49.18,-57.43,28.4,74,75,14.99
thinadhoo,0.53,72.93,80.57,100,80,6.29
yarada,17.65,83.27,68.0,94,20,3.36
sao joao da barra,-21.64,-41.05,79.49,96,0,16.46
thanh hoa,10.21,106.33,84.2,70,40,9.17
srednekolymsk,67.46,153.71,-29.86,49,36,2.59
pavlodar,52.28,76.96,-16.61,75,0,4.47
umm kaddadah,13.6,26.69,54.25,37,0,8.75
port-cartier,50.03,-66.88,23.0,79,90,8.05
hibbing,47.43,-92.94,23.0,95,90,4.7
hounde,11.5,-3.52,62.03,37,0,7.74
dikson,73.51,80.55,-21.31,94,0,17.92
ambovombe,-25.18,46.09,74.5,100,92,5.5
rhyl,53.32,-3.49,50.0,93,75,14.99
batagay-alyta,67.8,130.41,-39.76,0,24,1.7
ola,59.58,151.3,20.54,99,76,20.83
muros,42.77,-9.06,37.4,86,0,2.24
suffolk,36.73,-76.58,37.04,84,1,3.15
labuhan,-2.54,115.51,85.97,73,32,3.15
camapua,-19.53,-54.04,68.87,97,56,4.61
borzya,50.39,116.53,1.64,83,68,4.61
katsuura,33.93,134.5,44.6,75,90,8.05
banda aceh,5.56,95.32,82.06,82,8,4.72
flin flon,54.77,-101.88,2.27,77,48,6.51
zaton,49.77,33.77,7.27,84,48,9.19
ossora,59.24,163.07,19.82,88,76,20.94
avera,33.19,-82.53,42.8,57,1,4.7
alofi,-19.06,-169.92,82.4,69,24,18.34
gunjur,13.18,-16.76,64.4,88,88,5.82
turukhansk,65.8,87.96,-26.89,42,48,4.16
kilindoni,-7.91,39.67,83.59,100,92,13.44
houma,35.63,111.36,32.56,51,80,3.15
porto torres,40.84,8.4,28.4,92,0,1.12
saint-pierre,48.95,4.24,41.0,93,90,9.17
mustasaari,63.17,21.67,33.8,59,0,14.99
gotsu,35.01,132.22,50.0,66,40,5.82
senno,57.76,27.95,30.2,86,8,6.71
maba,24.68,113.59,54.02,93,64,3.38
emerald,-23.53,148.16,89.6,33,0,10.29
houston,29.76,-95.37,60.98,87,20,10.42
lorengau,-2.02,147.27,83.77,98,68,13.33
ponta do sol,-20.63,-46.0,69.01,78,64,3.38
zverinogolovskoye,54.46,64.85,-0.43,77,36,7.96
circleville,39.6,-82.95,26.96,78,1,3.36
tenenkou,14.46,-4.91,64.15,50,0,11.43
roros,62.57,11.38,28.4,92,90,8.05
luwuk,-0.95,122.79,82.96,100,8,2.15
nanortalik,60.14,-45.24,31.07,89,48,43.87
honiara,-9.43,159.96,79.27,98,80,2.37
bambanglipuro,-7.95,110.28,84.49,83,0,4.38
moerai,-22.43,-151.33,76.07,100,92,8.41
provideniya,64.42,-173.23,-11.23,100,20,17.92
taman,45.22,36.72,39.2,86,88,13.42
arzamas,55.4,43.84,12.04,85,76,6.29
aquiraz,-3.9,-38.39,80.6,83,40,5.82
kiruna,67.86,20.23,24.8,62,8,27.51
navahrudak,53.59,25.82,24.82,90,88,8.97
bitam,2.08,11.49,68.92,98,44,2.26
petrolina de goias,-16.09,-49.34,73.4,69,0,4.7
port blair,11.67,92.75,82.4,83,40,10.29
osakarovka,50.56,72.58,-8.85,63,32,7.96
luang prabang,19.89,102.14,71.6,88,90,2.37
habiganj,24.38,91.42,60.8,87,0,5.17
vostok,46.45,135.83,13.61,55,0,1.14
castro,-42.48,-73.76,53.6,100,90,5.82
lebu,8.96,38.73,46.4,62,0,9.17
hasaki,35.73,140.83,44.6,100,75,9.17
port-gentil,-0.72,8.78,77.2,100,68,4.72
mercedes,-33.25,-58.03,64.19,84,0,5.39
mount isa,-20.73,139.49,98.6,32,12,14.99
gijon,43.54,-5.66,37.4,93,40,4.7
ramhormoz,31.28,49.6,36.16,83,8,3.94
sao joaquim,-28.29,-49.93,62.03,98,80,2.04
poquoson,37.12,-76.35,35.96,69,1,6.93
beringovskiy,63.05,179.32,-1.65,94,32,22.28
bandarbeyla,9.49,50.81,75.26,100,92,16.69
kezmarok,49.14,20.43,23.0,85,75,27.51
ati,13.21,18.34,63.38,43,0,5.73
victoria,5.28,115.24,87.8,70,75,2.24
tigil,57.8,158.67,22.75,81,0,14.0
sorland,67.67,12.69,38.54,100,64,24.29
chabahar,25.29,60.65,67.43,100,0,13.22
maputo,-25.97,32.57,80.6,88,0,8.05
balestrand,61.21,6.53,20.59,100,64,1.59
springfield,37.22,-93.29,33.98,88,90,13.87
manama,25.33,56.02,66.2,82,0,3.36
kasama,-10.21,31.19,63.29,98,68,2.71
serowe,-22.4,26.7,66.94,87,20,5.73
canutama,-6.53,-64.38,74.14,96,64,2.37
mizan teferi,6.99,35.58,55.01,55,0,2.15
galle,29.74,-97.91,60.26,93,75,4.7
paamiut,61.99,-49.67,31.21,92,80,4.38
hue,16.47,107.58,80.6,74,40,4.7
nacogdoches,31.6,-94.66,55.94,71,90,9.17
chateau-thierry,49.05,3.4,42.8,93,90,4.7
padang,-0.92,100.36,84.2,79,40,4.7
eureka,40.8,-124.16,60.08,57,90,8.05
kozhva,65.11,57.05,12.53,78,88,13.67
velika plana,44.33,21.08,15.8,100,40,2.24
vilyuysk,63.75,121.63,-25.36,38,24,3.6
iquique,-20.22,-70.14,73.4,60,0,6.93
christiana,-27.91,25.16,62.93,30,0,11.77
laiyang,36.98,120.7,39.94,80,0,4.5
maningrida,-12.05,134.23,89.89,86,8,5.84
erenhot,43.65,111.97,13.3,69,0,13.11
fort nelson,58.81,-122.69,-4.01,76,75,2.24
miranda,3.25,-76.23,73.4,69,20,5.82
kemin,42.79,75.7,10.73,68,80,2.04
la asuncion,-1.64,-78.74,46.01,99,92,1.25
cocorit,27.57,-109.96,61.49,83,0,2.71
kolobrzeg,54.18,15.58,29.54,85,8,7.4
iqaluit,63.75,-68.52,-20.21,68,20,20.8
yumen,40.29,97.04,5.06,57,0,3.94
virarajendrapet,12.2,75.8,70.04,55,8,3.38
berlevag,70.86,29.09,19.6,100,68,4.38
lompoc,34.64,-120.46,60.08,71,90,9.17
ozernovskiy,51.5,156.52,28.64,94,68,12.66
ichihara,35.47,140.12,41.0,52,75,4.7
pinega,64.7,43.39,20.95,74,80,11.54
sinnamary,5.38,-52.96,79.13,94,64,10.2
samana,0.12,-76.97,71.48,97,12,2.04
lodja,-3.52,23.6,72.7,89,80,0.58
fairbanks,64.84,-147.72,-38.93,67,20,2.71
porto novo,-23.68,-45.44,68.0,100,20,2.24
coahuayana,18.62,-100.35,59.69,83,0,2.04
bulgan,48.81,103.53,-4.3,58,0,2.82
new waterford,40.85,-80.61,21.92,79,90,2.37
hambantota,6.12,81.12,73.4,100,90,10.29
kayes,14.44,-11.44,68.33,37,48,8.41
aswan,24.09,32.9,42.14,93,0,4.05
bidar,17.91,77.52,64.46,79,0,10.31
barcelos,41.53,-8.62,42.8,70,0,6.93
poum,41.28,20.71,12.85,80,56,1.81
sorong,-0.86,131.25,84.08,99,44,9.31
show low,34.25,-110.03,35.06,80,1,2.71
severnoye,54.09,52.54,13.16,87,80,14.0
am timan,11.04,20.28,60.37,55,0,2.71
sayyan,15.17,44.32,27.25,68,0,2.04
salalah,17.01,54.1,73.4,25,0,16.11
sumkino,58.11,68.32,-0.79,79,64,5.95
mbandaka,0.05,18.26,70.76,100,56,4.72
lekoni,-1.58,14.26,70.36,98,92,5.73
guerrero negro,27.97,-114.04,52.9,100,0,4.5
lata,30.78,78.62,27.16,88,0,2.15
kolokani,13.58,-8.03,63.11,37,0,9.19
tornio,61.12,27.27,30.2,92,0,8.05
barranca,-10.75,-77.76,72.38,99,12,13.78
burnie,-41.05,145.91,68.2,85,12,13.22
rio grande,-32.03,-52.1,72.56,94,92,10.87
ambatofinandrahana,-20.55,46.8,60.68,97,92,2.15
pangnirtung,66.15,-65.72,-18.43,53,64,3.15
tommot,58.97,126.27,5.06,81,76,3.04
marrakesh,31.63,-7.99,39.2,64,0,2.24
bodden town,19.28,-81.25,77.0,83,20,12.75
anadyr,64.73,177.51,-7.61,63,0,8.95
ixtapa,20.71,-105.21,64.96,88,0,1.59
keroka,-0.78,34.95,54.11,90,0,3.38
sibolga,1.74,98.78,76.84,87,8,1.7
geraldton,49.72,-86.95,-13.01,75,20,4.7
krasnokamensk,50.1,118.04,-1.96,77,88,4.27
vila franca do campo,37.72,-25.43,59.0,82,75,14.99
the valley,18.22,-63.06,75.2,83,40,3.36
nemuro,43.32,145.57,23.0,67,75,8.05
sao benedito do rio preto,-3.33,-43.53,70.22,99,92,3.6
ketchikan,55.34,-131.65,42.98,95,90,5.82
encantado,-29.24,-51.88,69.55,98,80,2.82
cayenne,4.94,-52.33,73.4,94,90,2.24
adre,13.47,22.2,57.31,53,0,6.73
fortuna,38.18,-1.13,35.6,51,0,6.93
urucui,-7.23,-44.56,73.87,86,20,6.96
havre-saint-pierre,50.23,-63.6,24.8,92,90,25.28
rapallo,44.35,9.23,41.0,30,0,6.93
nchelenge,-9.35,28.74,68.92,98,76,2.48
penzance,50.12,-5.53,46.4,100,56,12.75
riorges,46.04,4.03,33.8,100,90,1.12
berdigestyakh,62.1,126.7,-23.38,34,48,3.49
zhuhai,40.71,112.04,19.4,62,0,4.47
frontera,18.53,-92.64,70.58,81,0,9.42
tabou,4.42,-7.36,81.11,100,0,0.69
point pedro,9.82,80.23,78.82,95,44,16.69
mabai,23.01,104.4,56.99,99,88,2.15
haines junction,60.75,-137.51,-37.47,65,0,2.04
te anau,-45.41,167.72,71.21,31,0,2.59
jaca,42.57,-0.55,28.4,86,0,1.12
sibu,2.29,111.83,86.0,74,75,1.12
visnes,59.36,5.22,37.4,100,92,10.29
zaria,11.11,7.72,58.21,45,0,7.29
allada,6.67,2.15,80.6,88,40,2.24
komsomolskiy,67.55,63.78,2.05,86,64,14.79
esperance,10.24,-61.45,75.2,88,20,3.36
half moon bay,37.46,-122.43,59.0,82,75,6.93
anori,-3.74,-61.66,76.84,87,8,6.06
lagos,6.46,3.39,80.6,88,0,2.24
chumikan,54.72,135.31,-0.07,65,0,6.17
lumphat,13.5,106.97,83.86,59,0,4.38
kyshtovka,56.56,76.62,-5.92,72,44,3.15
abancay,-13.64,-72.88,43.58,99,80,2.04
gaoua,10.33,-3.18,65.05,46,0,6.51
marsh harbour,26.54,-77.06,71.12,100,88,13.56
villa bruzual,9.33,-69.12,79.0,57,48,6.17
goldsboro,35.38,-77.99,29.84,79,1,5.28
ust-kuyga,70.0,135.55,-45.39,0,20,3.49
palmas de monte alto,-14.26,-43.16,75.49,72,24,12.33
itigi,-5.7,34.5,60.91,95,92,3.38
ecija,37.54,-5.08,37.4,64,0,8.05
kerema,-7.96,145.78,83.63,79,48,3.38
zhangye,38.94,100.46,14.06,51,0,3.15
santa rosa,-36.62,-64.29,67.97,62,0,14.9
hami,42.84,93.51,4.66,57,44,2.71
muravlenko,63.79,74.5,-20.05,58,24,11.99
buala,-8.15,159.59,83.95,90,92,4.94
santa rita,10.21,-67.56,65.41,96,0,2.71
juan lacaze,-34.43,-57.44,61.27,67,0,7.74
tessalit,20.2,1.01,46.6,20,56,10.2
luderitz,-26.65,15.16,57.67,91,24,4.5
whitehorse,60.72,-135.06,-0.41,84,5,3.36
ahmadpur,18.7,76.94,62.66,79,0,12.21
okha,53.59,142.95,7.49,92,0,16.13
klaksvik,62.23,-6.59,44.6,87,88,26.4
los llanos de aridane,28.66,-17.92,64.4,63,90,6.93
suileng,47.25,127.08,20.63,55,0,7.85
kontagora,10.4,5.47,63.83,54,0,4.83
tura,25.52,90.21,60.14,78,0,4.61
port talbot,51.6,-3.79,48.2,93,90,13.87
kruisfontein,-34.0,24.73,63.83,87,8,20.71
kadoma,-18.34,29.91,67.21,97,88,3.83
mutoko,-17.4,32.23,64.91,96,80,2.59
kalabo,-15.0,22.67,69.77,91,80,10.2
saint anthony,43.97,-111.68,30.02,78,90,3.36
abha,18.22,42.5,51.8,93,0,3.36
howard springs,-12.5,131.05,93.2,56,20,12.75
ahipara,-35.17,173.16,77.47,59,36,9.75
skelleftea,64.75,20.95,30.2,63,0,11.41
oussouye,12.49,-16.54,68.0,88,0,2.24
osoyoos,49.03,-119.47,32.0,95,1,3.36
kuruman,-27.46,23.43,60.59,31,0,10.65
clyde river,70.47,-68.59,-31.01,73,1,6.93
kidal,18.44,1.41,52.27,30,36,7.52
cururupu,-1.82,-44.87,73.64,100,92,2.71
buchanan,5.88,-10.05,75.2,94,20,5.61
bonavista,48.65,-53.11,31.12,97,36,18.25
karpogory,64.0,44.44,19.46,74,80,11.21
dharmabad,18.89,77.84,67.57,73,0,11.54
bada,12.41,4.51,65.5,44,0,7.4
merauke,-8.49,140.4,83.81,99,80,5.5
nouadhibou,20.93,-17.03,57.22,82,0,6.73
vizinga,61.08,50.08,17.66,71,88,11.77
navirai,-23.07,-54.19,75.08,80,56,2.93
santa maria,-29.69,-53.81,69.41,96,92,10.42
guavata,5.95,-73.7,60.46,100,88,1.92
tadine,-21.55,167.88,76.79,100,64,10.42
lakatoro,-16.11,167.42,86.11,77,48,3.6
kamenka,53.19,44.05,9.16,89,48,3.04
monroe,41.91,-83.4,26.6,83,1,3.6
coolum beach,-26.53,153.09,83.99,61,0,9.08
mizque,-17.94,-65.34,51.46,100,44,2.26
fort walton beach,30.41,-86.62,48.92,87,1,3.36
saint-gilles,43.68,4.43,42.8,69,0,8.05
yerbogachen,61.28,108.01,-7.5,60,44,6.96
nyagan,62.14,65.43,-5.07,82,76,9.19
harindanga,22.04,88.32,60.8,77,0,5.82
kuching,1.56,110.34,84.2,74,75,2.24
krasna lipa,50.48,13.36,33.8,86,90,13.87
cortes,9.28,126.19,74.95,100,100,3.38
shestakovo,56.49,103.96,-10.65,52,12,5.17
tawau,4.26,117.89,87.8,66,75,5.82
lamu,0.57,122.3,85.84,73,32,0.69
gizo,31.8,34.94,44.6,75,0,3.36
altay,47.83,88.13,1.6,73,64,1.14
harper,30.3,-99.24,56.3,91,90,7.52
ilula,-7.68,36.04,68.0,88,75,2.48
mezen,65.85,44.24,20.36,76,76,10.65
vao,59.1,26.19,31.43,85,44,11.43
luau,-10.7,22.23,68.87,92,68,4.16
sabang,13.72,123.58,77.65,96,80,12.88
pimentel,-3.7,-45.5,70.13,100,92,3.83
katangli,51.71,143.23,9.34,100,0,16.02
ouargaye,11.5,0.06,68.29,33,8,9.42
touros,-5.2,-35.46,77.0,83,20,4.7
flinders,-34.58,150.85,89.6,52,0,12.75
kavaratti,10.57,72.64,81.29,100,12,9.75
panaba,21.28,-88.27,67.52,69,0,7.29
nur,52.67,22.32,30.62,91,0,12.33
cortez,37.35,-108.58,32.0,65,1,6.93
santa cruz del sur,20.71,-78.0,69.86,80,0,10.31
poso,-1.4,120.75,83.09,98,12,3.38
nouna,12.73,-3.87,64.64,32,8,8.97
minsk,53.9,27.56,14.0,92,75,8.95
cabedelo,-6.97,-34.84,77.0,83,75,8.05
aksu,52.04,76.93,-16.61,75,0,4.47
gela,37.07,14.25,23.42,81,0,3.04
yatou,3.63,9.81,78.8,100,75,13.89
cheyenne,41.14,-104.82,30.38,95,90,12.75
tias,28.96,-13.65,62.6,67,0,8.05
hualmay,-11.1,-77.61,66.62,96,20,5.73
freeport,26.54,-78.7,71.44,100,80,14.79
wum,6.39,10.08,55.69,61,0,2.48
rockhampton,-23.38,150.51,86.0,48,40,10.29
mundwa,27.06,73.82,52.36,73,0,9.86
vardo,39.62,-77.74,30.2,79,1,3.38
gobabis,-22.45,18.97,59.92,36,0,13.0
beni suef,29.07,31.1,33.64,72,20,2.59
shirokiy,53.87,39.17,2.95,73,8,6.73
yulara,-25.24,130.99,107.6,13,0,13.87
mtambile,-5.38,39.7,81.92,95,88,12.77
lagunas,-5.23,-75.68,73.37,97,44,2.15
nilagiri,21.46,86.77,66.94,82,0,4.94
amahai,-3.31,129.0,84.98,99,12,10.65
kralendijk,12.15,-68.27,77.0,78,0,10.29
petukhovo,55.06,67.89,3.62,82,68,5.84
pelym,61.01,62.0,6.1,81,56,7.52
rio verde de mato grosso,-18.92,-54.84,68.56,98,64,2.59
udachnyy,66.42,112.4,-23.65,34,24,4.05
mahibadhoo,3.78,72.97,81.61,100,36,8.75
taoudenni,22.68,-3.98,42.77,39,12,8.97
tongchuan,34.9,108.95,30.2,86,92,2.24
beverley,53.84,-0.43,50.0,81,56,13.87
sur,22.57,59.53,70.31,100,0,16.35
goderich,43.74,-81.71,17.35,88,92,5.28
valley,53.28,-4.56,50.0,93,88,14.99
nizhniy tsasuchey,50.52,115.13,2.18,73,76,5.39
khani,41.96,42.96,39.2,55,40,8.05
gebog,-6.74,110.84,87.8,66,20,6.93
paita,-5.09,-81.11,75.67,70,44,7.85
mae hong son,19.3,97.96,69.8,83,75,2.24
havoysund,71.0,24.66,33.8,86,90,65.54
khem karan,31.14,74.56,48.2,93,40,3.6
fukuma,33.77,130.47,53.6,58,75,3.36
fallon,46.84,-105.12,15.08,83,1,10.29
kutum,14.2,24.66,47.32,55,0,2.93
comarapa,-17.91,-64.53,56.27,100,88,2.71
shimoda,34.7,138.93,50.0,70,75,17.22
opuwo,-18.06,13.84,52.54,50,0,3.49
naustdal,61.51,5.72,37.4,100,68,14.99
ilhabela,-23.78,-45.36,79.9,100,8,6.17
claveria,8.61,124.89,80.35,70,92,3.15
hailun,47.46,126.97,20.63,55,0,7.85
keelung,25.13,121.74,69.8,88,75,10.29
kachug,53.96,105.89,-18.88,50,0,2.48
teeli,51.01,90.2,-11.1,45,56,2.48
katherine,-14.47,132.26,93.2,59,0,8.05
phonhong,18.5,102.42,80.6,61,40,4.7
olinda,-2.03,-79.75,78.8,74,40,6.93
ambulu,-8.35,113.61,82.73,100,24,5.39
kieta,-6.22,155.63,82.46,100,20,2.15
tiznit,29.7,-9.73,47.05,93,0,6.17
tucuman,-17.17,-70.89,56.81,95,68,1.81
